00:00:00.000 0.421800 0.326615 <cB>B(n,x)=B(n-1,x-1)⊕B(n-1,x)⊕B(n-1,x+1)⊕B(n-2,x)
00:00:00.333 0.503025 0.135671 0 1 2 3 4 5 6 7 8 9 10 11
00:00:00.333 0.326800 0.135671 0 1 2 3 4 5 6 7 8 9 10 11
00:00:00.333 0.330610 0.135671 0 1 2 3 4 5 6 7 8 9 10 11
00:00:00.333 0.336270 0.135671 0 1 2 3 4 5 6 7 8 9 10 11
00:00:00.333 0.326800 0.135671 0 1 2 3 4 5 6 7 8 9 10 11
00:00:00.333 0.328712 0.135671 0 1 2 3 4 5 6 7 8 9 10 11
00:00:00.333 0.334414 0.135671 0 1 2 3 4 5 6 7 8 9 10 11
00:00:00.333 0.321100 0.135671 0 1 2 3 4 5 6 7 8 9 10 11
00:00:00.333 0.332500 0.135671 0 1 2 3 4 5 6 7 8 9 10 11
00:00:00.333 0.334400 0.135671 0 1 2 3 4 5 6 7 8 9 10 11
00:00:00.333 0.335358 0.135671 0 1 2 3 4 5 6 7 8 9 10 11
00:00:00.333 0.326800 0.135671 0 1 2 3 4 5 6 7 8 9 10 11
00:00:00.500 0.324900 0.135671 B
00:00:01.333 0.473100 0.326615 <cY>Y(n,y)=~(Y(n-1,y-1)⊕Y(n-1,y)⊕Y(n-1,y+1)⊕Y(n-2,y))
00:00:01.667 0.503025 0.135671 0 1 2 3 4 5 6 7 8 9 10 11
00:00:01.667 0.326800 0.135671 0 1 2 3 4 5 6 7 8 9 10 11
00:00:01.667 0.330610 0.135671 0 1 2 3 4 5 6 7 8 9 10 11
00:00:01.667 0.336270 0.135671 0 1 2 3 4 5 6 7 8 9 10 11
00:00:01.667 0.326800 0.135671 0 1 2 3 4 5 6 7 8 9 10 11
00:00:01.667 0.328712 0.135671 0 1 2 3 4 5 6 7 8 9 10 11
00:00:01.667 0.334414 0.135671 0 1 2 3 4 5 6 7 8 9 10 11
00:00:01.667 0.321100 0.135671 0 1 2 3 4 5 6 7 8 9 10 11
00:00:01.667 0.332500 0.135671 0 1 2 3 4 5 6 7 8 9 10 11
00:00:01.667 0.334400 0.135671 0 1 2 3 4 5 6 7 8 9 10 11
00:00:01.667 0.335358 0.135671 0 1 2 3 4 5 6 7 8 9 10 11
00:00:01.667 0.326800 0.135671 0 1 2 3 4 5 6 7 8 9 10 11
00:00:01.833 0.487350 0.135671 Y
00:00:02.667 0.421800 0.326615 <cF>F(n,x)=F(n-1,x-1)⊕F(n-2,x)
00:00:03.000 0.503025 0.135671 0 1 2 3 4 5 6 7 8 9 10 11
00:00:03.000 0.326800 0.135671 0 1 2 3 4 5 6 7 8 9 10 11
00:00:03.000 0.330610 0.135671 0 1 2 3 4 5 6 7 8 9 10 11
00:00:03.000 0.336270 0.135671 0 1 2 3 4 5 6 7 8 9 10 11
00:00:03.000 0.326800 0.135671 0 1 2 3 4 5 6 7 8 9 10 11
00:00:03.000 0.328712 0.135671 0 1 2 3 4 5 6 7 8 9 10 11
00:00:03.000 0.334414 0.135671 0 1 2 3 4 5 6 7 8 9 10 11
00:00:03.000 0.321100 0.135671 0 1 2 3 4 5 6 7 8 9 10 11
00:00:03.000 0.332500 0.135671 0 1 2 3 4 5 6 7 8 9 10 11
00:00:03.000 0.334400 0.135671 0 1 2 3 4 5 6 7 8 9 10 11
00:00:03.000 0.335358 0.135671 0 1 2 3 4 5 6 7 8 9 10 11
00:00:03.000 0.326800 0.135671 0 1 2 3 4 5 6 7 8 9 10 11
00:00:03.167 0.487350 0.135671 F
00:00:04.000 0.421800 0.326615 <cK>K(n,x)=K(n-1,x-1)⊕K(n-1,x+1)
00:00:04.333 0.503025 0.135671 0 1 2 3 4 5 6 7 8 9 10 11
00:00:04.333 0.326800 0.135671 0 1 2 3 4 5 6 7 8 9 10 11
00:00:04.333 0.330610 0.135671 0 1 2 3 4 5 6 7 8 9 10 11
00:00:04.333 0.336270 0.135671 0 1 2 3 4 5 6 7 8 9 10 11
00:00:04.333 0.326800 0.135671 0 1 2 3 4 5 6 7 8 9 10 11
00:00:04.333 0.328712 0.135671 0 1 2 3 4 5 6 7 8 9 10 11
00:00:04.333 0.334414 0.135671 0 1 2 3 4 5 6 7 8 9 10 11
00:00:04.333 0.321100 0.135671 0 1 2 3 4 5 6 7 8 9 10 11
00:00:04.333 0.332500 0.135671 0 1 2 3 4 5 6 7 8 9 10 11
00:00:04.333 0.334400 0.135671 0 1 2 3 4 5 6 7 8 9 10 11
00:00:04.333 0.335358 0.135671 0 1 2 3 4 5 6 7 8 9 10 11
00:00:04.333 0.326800 0.135671 0 1 2 3 4 5 6 7 8 9 10 11
00:00:04.500 0.487350 0.135671 K
00:00:05.333 0.421800 0.326615 <cC>C(n,x)=C(n-1,x-1)⊕C(n-1,x)⊕C(n-2,x)
00:00:05.667 0.503025 0.135671 0 1 2 3 4 5 6 7 8 9 10 11
00:00:05.667 0.326800 0.135671 0 1 2 3 4 5 6 7 8 9 10 11
00:00:05.667 0.330610 0.135671 0 1 2 3 4 5 6 7 8 9 10 11
00:00:05.667 0.336270 0.135671 0 1 2 3 4 5 6 7 8 9 10 11
00:00:05.667 0.326800 0.135671 0 1 2 3 4 5 6 7 8 9 10 11
00:00:05.667 0.328712 0.135671 0 1 2 3 4 5 6 7 8 9 10 11
00:00:05.667 0.334414 0.135671 0 1 2 3 4 5 6 7 8 9 10 11
00:00:05.667 0.321100 0.135671 0 1 2 3 4 5 6 7 8 9 10 11
00:00:05.667 0.332500 0.135671 0 1 2 3 4 5 6 7 8 9 10 11
00:00:05.667 0.334400 0.135671 0 1 2 3 4 5 6 7 8 9 10 11
00:00:05.667 0.335358 0.135671 0 1 2 3 4 5 6 7 8 9 10 11
00:00:05.667 0.326800 0.135671 0 1 2 3 4 5 6 7 8 9 10 11
00:00:05.833 0.498750 0.135671 C
00:00:06.667 0.399000 0.326615 <cP>p=<cF>F<cB>b
00:00:07.000 0.487350 0.135671 F
00:00:07.167 0.503025 0.135671 0 1 2 3 4 5 6 7 8 9 10
00:00:07.167 0.326800 0.135671 0 1 2 3 4 5 6 7 8 9 10
00:00:07.167 0.330610 0.135671 0 1 2 3 4 5 6 7 8 9 10
00:00:07.167 0.336270 0.135671 0 1 2 3 4 5 6 7 8 9 10
00:00:07.167 0.326800 0.135671 0 1 2 3 4 5 6 7 8 9 10
00:00:07.167 0.328712 0.135671 0 1 2 3 4 5 6 7 8 9 10
00:00:07.167 0.334414 0.135671 0 1 2 3 4 5 6 7 8 9 10
00:00:07.167 0.321100 0.135671 0 1 2 3 4 5 6 7 8 9 10
00:00:07.167 0.332500 0.135671 0 1 2 3 4 5 6 7 8 9 10
00:00:07.167 0.334400 0.135671 0 1 2 3 4 5 6 7 8 9 10
00:00:07.167 0.335358 0.135671 0 1 2 3 4 5 6 7 8 9 10
00:00:07.500 0.493050 0.135671 b
00:00:08.333 0.430350 0.135671 p
00:00:10.333 0.452200 0.326615 <cQ>q=<cP>p^-1<cQ> mod <cF>F
00:00:10.833 0.493050 0.135671 f
00:00:11.000 0.430350 0.135671 p
00:00:11.500 0.330600 0.135671 o
00:00:11.667 0.330600 0.135671 e
00:00:14.000 0.433200 0.135671 g
00:00:14.167 0.430350 0.135671 q
00:00:14.833 0.399000 0.326615 <cZ>z=<cQ>Q<cY>y
00:00:15.167 0.487350 0.135671 Y
00:00:15.333 0.503025 0.135671 0 1 2 3 4 5 6 7 8 9 10
00:00:15.333 0.326800 0.135671 0 1 2 3 4 5 6 7 8 9 10
00:00:15.333 0.330610 0.135671 0 1 2 3 4 5 6 7 8 9 10
00:00:15.333 0.336270 0.135671 0 1 2 3 4 5 6 7 8 9 10
00:00:15.333 0.326800 0.135671 0 1 2 3 4 5 6 7 8 9 10
00:00:15.333 0.328712 0.135671 0 1 2 3 4 5 6 7 8 9 10
00:00:15.333 0.334414 0.135671 0 1 2 3 4 5 6 7 8 9 10
00:00:15.333 0.321100 0.135671 0 1 2 3 4 5 6 7 8 9 10
00:00:15.333 0.332500 0.135671 0 1 2 3 4 5 6 7 8 9 10
00:00:15.333 0.334400 0.135671 0 1 2 3 4 5 6 7 8 9 10
00:00:15.333 0.335358 0.135671 0 1 2 3 4 5 6 7 8 9 10
00:00:15.667 0.430350 0.135671 q
00:00:16.100 0.319200 0.135671 z
00:00:17.433 0.399000 0.326615 <cD>d=<cK>K<cG>g
00:00:17.767 0.487350 0.135671 K
00:00:17.933 0.503025 0.135671 0 1 2 3 4 5 6 7 8 9 10
00:00:17.933 0.326800 0.135671 0 1 2 3 4 5 6 7 8 9 10
00:00:17.933 0.330610 0.135671 0 1 2 3 4 5 6 7 8 9 10
00:00:17.933 0.336270 0.135671 0 1 2 3 4 5 6 7 8 9 10
00:00:17.933 0.326800 0.135671 0 1 2 3 4 5 6 7 8 9 10
00:00:17.933 0.328712 0.135671 0 1 2 3 4 5 6 7 8 9 10
00:00:17.933 0.334414 0.135671 0 1 2 3 4 5 6 7 8 9 10
00:00:17.933 0.321100 0.135671 0 1 2 3 4 5 6 7 8 9 10
00:00:17.933 0.332500 0.135671 0 1 2 3 4 5 6 7 8 9 10
00:00:17.933 0.334400 0.135671 0 1 2 3 4 5 6 7 8 9 10
00:00:17.933 0.335358 0.135671 0 1 2 3 4 5 6 7 8 9 10
00:00:18.267 0.433200 0.135671 g
00:00:19.000 0.328700 0.135671 d
00:00:20.833 0.353400 0.326615 <cZ>z=<cD>D<cX>x
00:00:21.167 0.487350 0.135671 D
00:00:21.333 0.503025 0.135671 0 1 2 3 4 5 6 7 8 9 10
00:00:21.333 0.326800 0.135671 0 1 2 3 4 5 6 7 8 9 10
00:00:21.333 0.330610 0.135671 0 1 2 3 4 5 6 7 8 9 10
00:00:21.333 0.336270 0.135671 0 1 2 3 4 5 6 7 8 9 10
00:00:21.333 0.326800 0.135671 0 1 2 3 4 5 6 7 8 9 10
00:00:21.333 0.328712 0.135671 0 1 2 3 4 5 6 7 8 9 10
00:00:21.333 0.334414 0.135671 0 1 2 3 4 5 6 7 8 9 10
00:00:21.333 0.321100 0.135671 0 1 2 3 4 5 6 7 8 9 10
00:00:21.333 0.332500 0.135671 0 1 2 3 4 5 6 7 8 9 10
00:00:21.333 0.334400 0.135671 0 1 2 3 4 5 6 7 8 9 10
00:00:21.333 0.335358 0.135671 0 1 2 3 4 5 6 7 8 9 10
00:00:22.033 0.319200 0.135671 x
00:00:22.367 0.319200 0.135671 z
